  -4.0 -1.0 -2.0 -2.0 13.0 -4.4 -8.7 -7.6 -4.6 -29.0 -4.0 -0.3 -7.0 -109.0 -126.0
  -7.0 -13.0 2.0 -2.0 9.0 -5.7 -1.8 -12.0 -3.5 -26.0 -5.0 -0.3 -45.0 -134.0 -84.0
  -6.0 -4.0 -4.0 -1.3 33.0 -3.7 -0.1 -5.7 -2.0 0.0 -3.2 -0.8 -82.0 10.0 -83.0
  -6.0 -3.0 -1.0 -2.8 73.0 -4.2 -6.5 -10.9 -2.8 -167.0 -0.2 -0.3 -103.0 36.0 -33.0
  -4.0 -1.0 -3.0 -1.9 12.0 -4.4 -8.7 -7.6 -4.6 -29.0 -4.0 -0.3 -7.0 -104.0 -122.0
  -6.0 -13.0 1.0 -1.8 7.0 -5.7 -1.8 -12.0 -3.5 -26.0 -5.0 -0.3 -45.0 -209.0 -85.0
  -5.0 -4.0 -3.0 -1.3 17.0 -3.7 -0.1 -5.7 -2.0 0.0 -3.2 -0.8 -82.0 -88.0 -84.0
  -6.0 -3.0 -1.0 -2.7 64.0 -4.2 -6.5 -10.9 -2.8 -60.0 -0.2 -0.3 -124.0 11.0 -34.0
  -5.0 -5.0 -1.0 -2.8 71.0 -4.2 -6.5 -10.9 -2.8 -167.0 -0.2 -0.3 -105.0 32.0 -33.0
  -4.0 -2.0 -3.0 -1.8 12.0 -4.4 -8.7 -7.6 -4.6 -29.0 -4.0 -0.3 -17.0 -120.0 -118.0
  -4.0 -1.0 -2.0 -2.0 13.0 -4.4 -8.7 -7.6 -4.6 -29.0 -4.0 -0.3 -7.0 -109.0 -121.0
  -7.0 -13.0 2.0 -2.0 9.0 -5.7 -1.8 -12.0 -3.5 -26.0 -5.0 -0.3 -45.0 -134.0 -86.0
  -6.0 -4.0 -4.0 -1.3 33.0 -3.7 -0.1 -5.7 -2.0 0.0 -3.2 -0.8 -82.0 10.0 -84.0
  -6.0 -3.0 -1.0 -2.8 73.0 -4.2 -6.5 -10.9 -2.8 -167.0 -0.1 -0.3 -103.0 36.0 -35.0
  -2.0 -15.0 0.0 -2.1 2.0 -5.3 -4.7 -3.8 -3.3 -27.0 -4.1 -0.5 -43.0 -161.0 -67.0
  -4.0 -14.0 15.0 -5.1 34.0 -14.0 -9.0 -7.0 -3.0 -8.0 -0.5 -1.1 -19.0 -62.0 -49.0
  -7.0 -2.0 0.0 -5.5 33.0 -6.0 -14.0 -13.2 -5.0 -1.0 -0.4 -0.9 -76.0 255.0 -23.0
  -3.0 -10.0 5.0 -5.0 31.0 -0.7 -5.5 -6.9 -3.0 -2.0 -3.8 -1.2 -71.0 128.0 -55.0
  -2.0 -23.0 5.0 -2.2 32.0 -0.7 -3.7 -11.0 -3.2 -11.0 -5.6 0.3 -91.0 -175.0 -53.0
  -4.0 -6.0 9.0 -2.9 26.0 -6.3 -36.7 -12.2 -4.3 -4.0 -2.3 -1.3 -49.0 -138.0 -48.0
  -4.0 -1.0 7.0 -5.2 37.0 -1.0 -10.0 -9.7 -3.1 -29.0 -1.6 0.0 -48.0 92.0 -46.0
  -6.0 -2.0 0.0 -5.5 40.0 -6.0 -14.0 -13.2 -5.0 -1.0 -0.4 -0.9 -69.0 181.0 -24.0
  -5.0 -10.0 5.0 -5.0 33.0 -0.7 -5.5 -6.9 -3.0 -2.0 -3.8 -1.2 -83.0 102.0 -35.0
  -2.0 -24.0 5.0 -2.8 32.0 -0.7 -3.7 -11.0 -3.2 -11.0 -5.6 0.3 -101.0 -202.0 -53.0
  -6.0 -4.0 9.0 -3.9 37.0 -6.3 -36.7 -12.2 -4.3 -4.0 -2.3 -1.3 -59.0 -132.0 -35.0
  -4.0 -14.0 15.0 -5.1 34.0 -14.0 -9.0 -7.0 -3.0 -8.0 -0.5 -1.1 -19.0 -62.0 -49.0
  -5.0 -2.0 0.0 -5.5 31.0 -6.0 -14.0 -13.2 -5.0 -1.0 -0.4 -0.9 -76.0 255.0 -24.0
  -3.0 -10.0 5.0 -5.0 31.0 -0.7 -5.5 -6.9 -3.0 -2.0 -3.8 -1.2 -71.0 128.0 -35.0
  -2.0 -23.0 5.0 -2.3 32.0 -0.7 -3.7 -11.0 -3.2 -11.0 -5.6 0.3 -91.0 -175.0 -53.0
  -5.0 -4.0 9.0 -2.9 31.0 -6.3 -36.7 -12.2 -4.3 -4.0 -2.3 -1.3 -49.0 -138.0 -35.0
  -6.0 -1.0 7.0 -5.1 47.0 -1.0 -10.0 -9.7 -3.1 -29.0 -1.6 0.0 -45.0 186.0 -46.0
  -3.0 -13.0 0.0 -3.9 11.0 -3.2 -1.1 -6.3 -0.5 -18.0 -2.5 -1.5 -110.0 -11.0 -37.0
  -4.0 0.0 1.0 -4.6 15.0 -2.9 -6.5 -4.3 -9.4 -20.0 -3.9 -0.3 -18.0 -93.0 -60.0
  -5.0 -15.0 8.0 -7.3 45.0 -2.9 -2.4 -0.9 -2.2 -19.0 -1.1 0.0 -160.0 -2.0 -29.0
  -7.0 -5.0 3.0 -8.1 43.0 -0.1 -4.8 -20.2 -22.7 -18.0 -4.6 0.1 -6.0 -21.0 -11.0
  -5.0 -9.0 6.0 -16.0 67.0 -4.3 -4.2 -4.9 -4.1 -113.0 -22.2 1.2 -6.0 -21.0 -15.0
  -6.0 -3.0 1.0 -6.3 31.0 -1.0 -4.6 -2.7 -5.7 -6.0 -0.1 0.4 -92.0 36.0 -30.0
  -8.0 -14.0 10.0 -8.9 36.0 -9.0 -10.0 -4.3 -4.6 -3.1 -2.3 -1.0 -89.0 6.0 -4.0
  -6.0 0.0 0.0 -12.0 34.0 -7.0 -8.0 -3.0 -2.1 -3.0 -1.6 0.7 -37.0 81.0 -65.0
  -6.0 -1.0 3.0 -13.7 38.0 -4.8 -21.3 -12.6 -10.8 -7.0 -1.5 -0.3 -48.0 775.0 -21.0
  -5.0 -5.0 7.0 -5.7 6.0 -1.7 -2.9 -12.5 -4.4 -27.0 -6.0 -1.2 -97.0 -116.0 -43.0
  -6.0 -1.0 13.0 -19.0 84.0 -9.8 -13.3 -4.0 -3.1 -256.0 -1.8 -0.6 -125.0 266.0 -5.0
  -6.0 -2.0 17.0 -20.6 78.0 -5.0 -8.9 -9.7 -1.9 -228.0 -3.2 2.0 -100.0 523.0 -17.0
  -4.0 -3.0 16.0 -7.0 20.0 -0.3 -9.1 -3.8 -10.1 -14.0 -4.2 -1.1 -8.0 -81.0 -44.0
  -7.0 -6.0 1.0 -10.1 58.0 -4.7 -9.9 -8.5 -1.7 -62.0 -2.9 0.6 -138.0 -99.0 -28.0
  -7.0 -14.0 10.0 -9.9 33.0 -9.0 -10.0 -4.3 -4.6 -3.1 -2.3 -1.0 -86.0 2.0 -4.0
  -5.0 0.0 0.0 -11.0 21.0 -7.0 -8.0 -3.0 -2.1 -3.0 -1.6 0.7 -64.0 -32.0 -65.0
  -5.0 -4.0 7.0 -7.7 17.0 -1.7 -2.9 -12.5 -4.4 -27.0 -6.0 -1.2 -58.0 -102.0 -43.0
  -7.0 -2.0 13.0 -19.0 63.0 -10.0 -13.8 -4.0 -3.1 -256.0 -1.8 -0.6 -113.0 162.0 -12.0
  -6.0 -12.0 -2.0 -8.1 72.0 -6.5 -9.9 -8.7 -0.9 -141.0 -4.9 1.6 -122.0 -148.0 -58.0
  -6.0 -3.0 5.0 -16.3 39.0 -10.6 -10.2 -11.5 -4.0 -10.0 -2.3 -0.8 -99.0 230.0 -46.0
  -6.0 -15.0 8.0 -7.3 45.0 -2.9 -2.4 -0.9 -2.2 -19.0 -1.1 0.0 -160.3 -2.0 -29.0
  -6.0 -5.0 3.0 -8.1 43.0 -0.1 -4.8 -20.2 -22.7 -18.0 -4.6 0.1 -6.0 -21.0 -11.0
  -4.0 -9.0 6.0 -16.0 67.0 -4.3 -4.2 -4.9 -2.1 -113.0 -22.2 1.2 -6.0 -21.0 -15.0
  -6.0 -3.0 1.0 -6.3 31.0 -1.0 -4.6 -2.7 -5.7 -6.0 -0.1 0.4 -92.0 36.0 -30.0
  -8.0 -14.0 10.0 -8.9 36.0 -9.0 -10.0 -4.3 -4.6 -3.1 -2.3 -1.0 -89.0 6.0 -4.0
  -6.0 0.0 0.0 -12.0 21.0 -7.0 -8.0 -3.0 -2.5 -3.0 -1.6 0.7 -37.0 81.0 -65.0
  -4.0 -1.0 3.0 -13.7 38.0 -4.8 -21.3 -12.6 -10.8 -7.0 -1.5 -0.3 -48.0 775.0 -21.0
  -5.0 -5.0 7.0 -5.7 6.0 -1.7 -2.9 -12.5 -4.4 -27.0 -6.0 -1.2 -97.0 -116.0 -43.0
  -6.0 -1.0 13.0 -19.0 84.0 -9.8 -13.3 -3.8 -2.8 -256.0 -1.8 -0.6 -125.0 266.0 -4.0
  -6.0 -2.0 17.0 -20.6 78.0 -5.0 -8.9 -9.7 -2.0 -228.0 -3.2 2.0 -100.0 523.0 -17.0
  -4.0 -3.0 16.0 -7.0 30.0 -0.3 -9.1 -3.8 -10.2 -14.0 -4.2 -1.1 -8.0 -81.0 -10.0
  -7.0 -6.0 1.0 -10.1 58.0 -4.7 -9.9 -8.5 -1.7 -62.0 -2.9 0.6 -138.0 -99.0 -28.0
  -4.0 -20.0 5.0 -1.7 -30.0 -1.0 -1.2 -6.2 -6.0 -31.0 -4.0 -0.6 -7.0 -143.0 -62.0
  -4.0 -19.0 -9.0 -2.7 11.0 -27.0 -11.6 -5.2 -11.5 -13.0 -4.1 0.0 -95.0 21.0 -46.0
  -5.0 -16.0 0.0 -2.1 -38.0 -0.5 -2.2 -5.0 -4.1 -24.0 -3.8 -0.3 -63.0 -32.0 -72.0
  -2.0 -19.0 4.0 -1.2 5.0 -7.0 -2.0 -9.8 -2.4 -20.0 -2.0 0.2 -156.0 38.0 -120.0
  -5.0 -3.0 0.0 -2.0 17.0 -23.2 -36.8 -8.9 -1.1 -9.0 -1.9 2.0 -117.0 -18.0 -106.0
  -6.0 0.0 -5.0 -3.1 16.0 -3.1 -0.4 -11.2 -3.4 -11.0 -1.0 -1.0 -112.0 -125.0 -79.0
  -4.0 -9.0 -3.0 -3.4 8.0 -9.4 -6.5 -9.7 -1.8 -18.0 -1.4 -0.3 -162.0 40.0 -113.0
  -4.0 -17.0 2.0 -2.0 12.0 -3.0 -2.4 -5.6 -1.5 -12.0 -2.0 0.5 -105.0 17.0 -89.0
  -4.0 -16.0 -6.0 -3.4 -37.0 -2.4 -1.1 -9.4 -1.8 -27.0 -3.4 -0.2 -84.0 10.0 -56.0
  -1.0 -36.0 4.0 -2.0 -31.0 -0.5 -1.8 -6.7 -2.9 -32.0 -4.3 -0.4 -99.0 -178.0 -156.0
  -4.0 -20.0 5.0 -1.7 -27.0 -1.0 -1.2 -6.2 -6.0 -31.0 -4.0 -0.6 -7.0 -143.0 -62.0
  -3.0 -19.0 -9.0 -2.7 12.0 -27.0 -11.6 -5.2 -11.5 -13.0 -4.1 0.0 -95.0 21.0 -46.0
  -5.0 -16.0 0.0 -2.1 -39.0 -0.5 -2.2 -5.0 -4.1 -24.0 -3.8 -0.3 -63.0 -32.0 -72.0
  -2.0 -19.0 4.0 -1.2 5.0 -7.0 -2.0 -9.8 -2.4 -20.0 -2.0 0.2 -156.0 38.0 -120.0
  -5.0 -3.0 0.0 -2.0 18.0 -23.2 -36.8 -8.9 -1.1 -9.0 -1.9 2.0 -117.0 -18.0 -106.0
  -6.0 0.0 -5.0 -3.1 17.0 -3.1 -0.4 -11.2 -3.4 -11.0 -1.0 -1.0 -112.0 -125.0 -78.0
  -4.0 -9.0 -3.0 -3.4 9.0 -9.4 -6.5 -9.7 -1.8 -18.0 0.0 -0.3 -162.0 40.0 -112.0
  -4.0 -17.0 2.0 -2.0 13.0 -3.0 -2.4 -5.6 -1.5 -12.0 -2.0 0.5 -105.0 17.0 -89.0
  -4.0 -16.0 -6.0 -3.4 -38.0 -2.4 -1.1 -9.4 -1.8 -27.0 -3.4 -0.2 -84.0 10.0 -55.0
  -1.0 -37.0 4.0 -2.0 -29.0 -0.5 -1.8 -6.7 -2.9 -32.0 -4.8 -0.4 -99.0 -178.0 -158.0
  -2.0 -21.0 2.0 -2.5 -31.0 -8.0 -16.0 -9.3 -1.6 -28.0 -2.0 -0.4 -107.0 -108.0 -110.0
  -4.0 -14.0 -8.0 -2.5 14.0 -0.8 -8.2 -10.2 -3.2 -8.0 -3.7 -0.1 -53.0 -21.0 -105.0
  -3.0 -25.0 -3.0 -2.6 8.0 -16.0 -20.2 -9.9 -2.3 -15.0 -3.8 1.0 -54.0 -89.0 -86.0
  -6.0 -1.0 5.0 -5.1 45.0 -0.8 -6.0 -12.6 -3.0 -65.0 -0.5 0.1 -106.0 335.0 -79.0
  -5.0 -9.0 12.0 -5.4 -37.0 -60.4 -22.5 -11.5 -3.7 -28.0 -3.3 0.3 -180.0 -98.0 -34.0
  -6.0 -5.0 -3.0 -3.0 -38.0 -55.9 -25.3 -10.8 -4.8 -28.0 -3.5 0.3 -64.0 -108.0 -48.0
  -3.0 -22.0 7.0 -4.8 11.0 -18.3 -18.7 -11.1 -5.4 -13.0 -1.6 -0.1 -226.0 -164.0 -34.0
  -2.0 -30.0 0.0 -4.0 1.0 -145.2 -61.6 -8.9 -3.0 -20.0 -4.0 -1.0 -274.0 -116.0 -25.0
  -4.0 -27.0 6.0 -4.1 50.0 -7.6 -5.4 -11.2 -2.4 -104.0 -2.8 -0.8 -496.0 198.0 -22.0
  -7.0 -7.0 3.0 -4.0 14.0 -7.8 -6.3 -5.6 -0.1 -14.0 -2.0 0.9 -520.0 33.0 -4.0
  -2.0 -27.0 8.0 -5.1 6.0 -8.1 -4.5 -11.3 -3.8 -16.0 -3.2 0.2 -64.0 -100.0 -42.0
  -6.0 -1.0 5.0 -5.1 46.0 -0.8 -6.0 -12.6 -3.0 -65.0 -0.6 0.1 -106.0 335.0 -79.0
  -5.0 -9.0 12.0 -5.4 -38.0 -60.4 -22.5 -11.5 -3.7 -28.0 -3.3 0.3 -180.0 -98.0 -34.0
  -6.0 -5.0 -3.0 -3.0 -39.0 -55.9 -25.3 -10.8 -4.8 -28.0 -3.5 0.3 -64.0 -108.0 -48.0
  -3.0 -22.0 7.0 -4.8 11.0 -18.3 -18.7 -11.1 -5.4 -13.0 -1.6 -0.1 -226.0 -164.0 -34.0
  -2.0 -30.0 0.0 -4.1 2.0 -145.2 -61.6 -8.9 -3.0 -20.0 -4.0 -1.0 -274.0 -116.0 -25.0
  -4.0 -27.0 6.0 -4.1 51.0 -7.6 -5.4 -11.2 -2.4 -104.0 -2.8 -0.8 -496.0 198.0 -22.0
  -7.0 -7.0 3.0 -4.0 15.0 -7.8 -6.3 -5.6 -0.1 -14.0 -2.0 0.9 -520.0 33.0 -4.0
  -2.0 -27.0 8.0 -5.1 7.0 -8.1 -4.5 -11.3 -3.8 -16.0 -3.4 0.2 -64.0 -100.0 -42.0
  -3.0 -24.0 -6.0 -4.6 -24.0 -9.0 -6.0 -6.0 -2.5 -35.0 -2.3 0.0 -12.0 -57.0 -90.0
  -5.0 -2.0 14.0 -2.7 29.0 -11.1 -7.1 -12.7 -5.3 -10.0 -6.1 -0.7 -64.0 260.0 -66.0
  -2.0 -35.0 17.0 -2.5 2.0 -4.8 -2.2 -12.7 -4.1 -18.0 -6.4 -0.8 -12.0 -31.0 -11.0
  -7.0 -5.0 -5.0 -5.1 31.0 -2.3 -13.2 -8.2 -1.2 -12.0 -0.1 0.8 -75.0 105.0 -15.0
  -5.0 -7.0 1.0 -6.1 10.0 -2.1 -12.5 -6.4 -0.6 -20.0 -2.6 -0.5 -26.0 38.0 -21.0
  -5.0 -23.0 0.0 -6.0 -36.0 -0.3 -7.0 -13.3 -5.1 -24.0 -3.9 -0.6 -66.0 4.0 -21.0
  -7.0 -5.0 -9.0 -13.8 29.0 -10.4 -54.9 -9.3 -1.5 -9.0 -3.3 -0.0 -67.0 301.0 -35.0
  -6.0 -18.0 3.0 -9.0 58.0 -19.4 -7.3 -8.1 -1.1 -173.0 -10.7 0.9 -5.0 394.0 -24.0
  -4.0 -13.0 8.0 -6.0 12.0 -3.7 -1.7 -9.0 -2.4 -14.0 -252.0 -0.9 -15.0 -184.0 -6.0
  -6.0 -20.0 24.0 -9.0 46.0 -3.5 -3.1 -11.1 -2.3 -72.0 -472.0 0.0 -235.0 -35.0 -12.0
  -3.0 -17.0 -6.0 -6.1 -21.0 -6.7 -47.4 -11.0 -2.9 -36.0 -3.9 -1.4 -66.0 92.0 -16.0
  -6.0 -8.0 16.0 -7.0 10.0 -63.3 -69.3 -11.2 -3.9 -17.0 -5.6 -1.2 -16.0 -17.0 -10.0
  -5.0 -12.0 16.0 -12.0 34.0 -1.0 -10.0 -4.5 -4.6 -24.0 -0.6 0.5 -7.0 9.0 -14.0
  -2.0 -22.0 8.0 -9.0 66.0 -9.5 -7.2 -11.9 -3.3 -352.0 -13.8 -0.9 -76.0 173.0 -13.0
  -4.0 -13.0 4.0 -6.0 17.0 -3.6 -10.6 -9.1 -1.4 -9.0 -3.6 -0.5 -54.0 -15.0 -27.0
  -4.0 -12.0 -5.0 -9.0 21.0 -18.4 -23.4 -9.0 -13.5 -3.0 -0.6 1.0 -45.0 300.0 -9.0
  -2.0 -18.0 -6.0 -6.1 -20.0 -6.0 -5.0 -4.6 -3.2 -36.0 -1.2 -0.4 -2.0 248.0 -16.0
  -5.0 -7.0 1.0 -6.1 10.0 -2.1 -12.5 -6.4 -0.6 -20.0 -2.6 -0.5 -26.0 38.0 -21.0
  -5.0 -23.0 0.0 -6.0 -36.0 -0.3 -7.0 -13.3 -5.1 -24.0 -3.9 -0.6 -66.0 4.0 -21.0
  -7.0 -5.0 -9.0 -13.8 29.0 -10.4 -54.9 -9.3 -1.5 -9.0 -3.3 -0.0 -67.0 301.0 -35.0
  -6.0 -18.0 3.0 -9.0 58.0 -19.4 -7.3 -8.1 -1.1 -173.0 -10.7 0.9 -5.0 394.0 -24.0
  -4.0 -13.0 8.0 -6.0 12.0 -3.7 -1.7 -9.0 -2.4 -14.0 -252.0 -0.9 -15.0 -184.0 -6.0
  -6.0 -20.0 24.0 -9.0 46.0 -3.5 -3.1 -11.1 -2.3 -72.0 -472.0 0.0 -235.0 -35.0 -12.0
  -3.0 -17.0 -6.0 -6.1 -21.0 -6.7 -47.4 -11.0 -2.9 -36.0 -3.9 -1.4 -66.0 92.0 -16.0
  -6.0 -8.0 16.0 -7.0 10.0 -63.3 -69.3 -11.2 -3.9 -17.0 -5.6 -1.2 -16.0 -19.0 -9.0
  -5.0 -12.0 16.0 -12.0 34.0 -1.0 -10.0 -4.5 -4.6 -24.0 -0.6 0.5 -7.0 9.0 -14.0
  -2.0 -22.0 8.0 -9.0 66.0 -9.5 -7.2 -11.9 -3.3 -352.0 -13.8 -0.9 -76.0 173.0 -13.0
  -4.0 -13.0 4.0 -6.0 17.0 -3.6 -10.6 -9.1 -1.4 -9.0 -3.6 -0.5 -54.0 -15.0 -27.0
  -4.0 -12.0 -5.0 -9.0 21.0 -18.4 -23.4 -9.0 -13.5 -3.0 -0.6 1.0 -45.0 300.0 -9.0
  -2.0 -18.0 -6.0 -6.1 -20.0 -6.0 -5.0 -4.6 -3.2 -36.0 -1.2 -0.4 -2.0 248.0 -16.0
  -6.0 -3.0 5.0 -6.0 32.0 -9.3 -0.7 -7.6 -2.9 -16.0 -0.2 -1.4 -30.0 28.0 -9.0
  -7.0 -5.0 -3.0 -7.0 16.0 -8.2 -4.0 -10.8 -2.9 -13.0 -1.5 0.6 -25.0 103.0 -22.0
  -5.0 -11.0 1.0 -6.7 35.0 -26.0 -21.0 -12.6 -4.5 -27.0 -2.2 -0.4 -83.0 67.0 -33.0
